https://powcoder.com
代写代考加微信 powcoder
Assignment Project Exam Help
Add WeChat powcoder
https://powcoder.com
代写代考加微信 powcoder
Assignment Project Exam Help
Add WeChat powcoder
0.0731106795919554
0.250619412303748
-0.506707487647734
-0.234145539665302
0.785290568043484
0.651627043113857
0.794188559195799
0.392040084754277
0.421668234581996
0.0688622820555302
0.282540754319863
0.185067838510744
0.749367943041101
0.647478851460377
0.811625705036965
0.515266138893133
-0.635766499926446
0.860911859496913
0.131178974411216
-0.527531179800108
0.88078526450054
0.243319232026212
0.600001080649179
0.623566850065751
-0.574225326448741
0.183908083764762
0.804034680775661
0.38532898666617
0.424730862074766
-0.102662395788673
0.726569222165978
0.28596584169845
-0.968584515562801
-0.59030692344539
-0.543033838447525
0.653366187453366
0.128035417987581
-0.642130722392352
0.444787581534779
0.838550272397753
0.320355866087949
-0.137063089235034
0.546544005600908
0.0742362097096936
0.504675631292735
0.449352337572257
-0.233829299894076
0.977136361379744
-0.19234295131092
0.806940940022083
0.367707565984813
0.675850997489135
-0.164766492273439
0.977324817752929
0.530685087659682
-0.245838600676378
0.470930018580106
-0.360902673256734
-0.246841169898754
-0.170957290793797
0.186867361037668
-0.246912433646529
0.908475569753263
0.708278924444401
-0.465237487199987
-0.293871174803504
0.593942676347821
-0.256973589928001
0.901109674376849
0.260948051076733
0.673972129078766
0.968665043656792
0.851238214003517
-0.870088713632973
0.859620378211141
0.215592848449662
0.506698900005798
-0.314964410103759
-0.996609370286175
0.758357420042859
-0.0345826716007493
-0.366750170557318
-0.800607526886823
0.997367095919981
-0.0056440206273336
0.920882137307944
-0.398115033537189
0.99524422902571
0.900760386559159
0.722519917338068
0.220286932555766
0.0728840808407836
-0.356893757003623
-0.936747938090072
-0.0266656119712334
-0.441550928391726
-0.487760821922194
-0.402166596163676
-0.504432707977089
0.721658075586969
